       1986.2637      0.67831427
       1987.2845      0.67691761
       1988.2446      0.65301651
       1989.3070      0.65960807
       1990.3055      0.67949110
       1991.3215      0.68890125
       1992.3180      0.67775863
       1995.2972      0.65263140
       1998.3438      0.64710933
       1999.3158      0.60753089
       2000.3497      0.59997129
       2001.3105      0.62084794
       2002.2858      0.63003284
       2003.2911      0.63327086
       2004.3267      0.62194175
       2005.3513      0.59806347
       2007.3003      0.58038265
       1985.3367      0.69243068
       1986.3101      0.69882089
       1987.3418      0.70881587
       1988.3597      0.67222828
       1989.3495      0.68529105
       1990.3394      0.69029081
       1991.3453      0.71122789
       1992.3408      0.69854230
       1995.3334      0.66877562
       1996.3895      0.63478076
       1997.3799      0.67019325
       1998.3644      0.67259181
       1999.3446      0.65488809
       2000.3784      0.63119012
       2001.3478      0.63359213
       2002.3330      0.65186119
       2003.3176      0.63512176
       2004.3502      0.62135518
       2005.3593      0.60794491
       2007.3102      0.60220361
       1989.3495      0.62789083
       1990.3799      0.66378003
       1991.3522      0.67894924
       1992.3193      0.65922064
       1995.3553      0.61577839
       1996.4070      0.57926702
       1997.3846      0.61107695
       1998.3745      0.64469349
       1999.3969      0.60423994
       2000.3839      0.61125022
       2001.3715      0.60777694
       2002.3375      0.61280787
       2003.2651      0.62218386
       2004.3879      0.60005850
       2005.3802      0.58489305
       2006.4219      0.53406227
       2007.3802      0.56847876
       1983.3529      0.64167100
       1984.3385      0.69971561
       1985.3055      0.69088084
       1986.2246      0.69765759
       1987.3145      0.71078444
       1988.3124      0.69211930
       1989.3463      0.70385391
       1990.3318      0.73096800
       1991.3704      0.75025362
       1992.3485      0.72878140
       1995.3956      0.70694995
       1996.4083      0.67714190
       1997.4070      0.68889594
       1998.4160      0.69363660
       1999.4094      0.69432205
       2000.4070      0.70680249
       2001.3596      0.68731582
       2002.3611      0.68870485
       2003.3232      0.68090820
       2004.4111      0.67381042
       2005.4052      0.65280050
       2006.4219      0.60697705
       2007.4022      0.64905876
       2009.4150      0.52418447
       2011.4159      0.49218947
       2012.4080      0.49087617
       2013.3682      0.48721200
       2015.4280      0.49042490
       2016.3578      0.47999224
       2017.4132      0.48037675
       1984.4370      0.67733401
       1985.3949      0.68048680
       1986.3092      0.67709213
       1987.3813      0.68843901
       1988.4508      0.66483682
       1989.3820      0.65873200
       1990.3678      0.67329580
       1991.3951      0.69461548
       1992.3893      0.68510127
       1993.5046      0.64173400
       1995.3951      0.66224408
       1996.4500      0.63330781
       1997.4493      0.67308909
       1998.4535      0.67902845
       1999.3987      0.65032214
       2000.4553      0.64364839
       2001.3885      0.63571644
       2002.4320      0.64905065
       2003.4342      0.63558358
       2004.4053      0.63044727
       2005.4530      0.60843152
       2006.4567      0.56899899
       2007.3763      0.59909338
       1987.4106      0.67519903
       1988.4329      0.65450412
       1989.4137      0.65444314
       1990.3988      0.66873211
       1991.3862      0.68198216
       1992.3901      0.67529571
       1993.5027      0.64391273
       1995.4041      0.65729362
       1996.4423      0.66335696
       1997.4373      0.66388845
       1998.4413      0.67782491
       1999.4126      0.64562762
       2000.4410      0.65259802
       2001.3928      0.62674117
       2002.4127      0.63856864
       2003.4156      0.64638090
       2004.4025      0.63049012
       2005.4358      0.60509115
       2006.4622      0.58608556
       2007.3698      0.59548235
       2009.4412      0.50403023
       2011.4053      0.48617142
       2012.4224      0.49187928
       2013.4221      0.49862772
       2015.4385      0.46747190
       1983.5149      0.61479151
       1984.4420      0.69520646
       1985.4130      0.68113625
       1986.4166      0.68519586
       1987.4119      0.68929887
       1988.4215      0.67517763
       1989.4066      0.68226588
       1990.4017      0.69980454
       1991.4103      0.73141605
       1992.4113      0.71392775
       1993.5393      0.66638798
       1995.4420      0.67829496
       1996.4578      0.66119123
       1997.4673      0.65917099
       1998.4840      0.65429646
       1999.4384      0.66034079
       2000.4575      0.68091643
       2001.4097      0.64898497
       2002.4929      0.66730839
       2003.4517      0.67366761
       2004.3893      0.65437782
       2005.4539      0.63095731
       2006.5198      0.62881881
       2007.4332      0.61697441
       2009.5157      0.53483915
       2011.4122      0.47288162
       2012.4216      0.46535209
       2013.3741      0.47588670
       2014.5197      0.48076376
       2015.5043      0.45894393
       2016.4299      0.46651790
       1983.4464      0.63458645
       1984.4517      0.70007753
       1985.4315      0.69537753
       1986.5529      0.68904161
       1987.4419      0.71174616
       1988.4613      0.69918334
       1989.4419      0.68447417
       1990.4392      0.70742846
       1991.4291      0.73644286
       1992.4462      0.71243143
       1993.5422      0.71327239
       1995.4708      0.68809354
       1996.4921      0.67934972
       1997.4935      0.68880600
       1998.5007      0.67112064
       1999.4502      0.65040183
       2000.4655      0.67716879
       2001.4155      0.66287780
       2002.5022      0.67353183
       2003.5369      0.67430729
       2004.4154      0.65890050
       2005.4688      0.63650626
       2006.5181      0.63604015
       2007.4446      0.61296606
       2008.4032      0.52814060
       2009.4441      0.47754964
       2011.4507      0.46618214
       2012.4556      0.47361970
       2013.4362      0.46132299
       2014.5266      0.45623460
       2015.5188      0.47273487
       2016.4838      0.46495271
       2017.4569      0.46375743
       1983.4164      0.65113592
       1984.4443      0.71033883
       1985.4351      0.69202560
       1986.5510      0.67795014
       1987.4501      0.70895594
       1988.4491      0.70589089
       1989.4539      0.69620699
       1990.4543      0.71964079
       1991.4286      0.75354242
       1992.4344      0.72627813
       1993.5590      0.70089853
       1995.4645      0.69717002
       1996.4886      0.65942723
       1997.4722      0.67331046
       1998.4680      0.69111705
       1999.4742      0.68021268
       2000.4570      0.68807775
       2001.3975      0.67680049
       2002.5095      0.70242649
       2003.4757      0.68016762
       2004.4182      0.66685796
       2005.4559      0.65838367
       2006.5393      0.63356292
       2007.4781      0.63167268
       2008.3722      0.53952438
       2009.3568      0.55288285
       2011.4384      0.46674311
       2012.4413      0.48410955
       2013.4554      0.48618549
       2014.5726      0.49490181
       2015.5197      0.49490115
       2016.4650      0.48780733
       2017.4482      0.47943568
       1983.4601      0.62921607
       1984.4705      0.67557359
       1985.4927      0.67448109
       1986.5801      0.66981888
       1987.5015      0.69058758
       1988.5090      0.68034005
       1989.5083      0.65925843
       1990.5135      0.68984300
       1991.4990      0.71684670
       1992.5067      0.66931176
       1993.5627      0.67730111
       1995.5070      0.67311579
       1996.5055      0.66375178
       1997.5093      0.65664750
       1998.5443      0.67893684
       1999.4674      0.65124547
       2000.4786      0.67625844
       2001.4364      0.66804850
       2002.5364      0.67358005
       2003.5461      0.68414849
       2004.4559      0.66061461
       2005.5186      0.64296591
       2006.5525      0.63226348
       2007.5154      0.63571692
       2008.4009      0.55337894
       2009.4563      0.53795737
       2011.5266      0.48394588
       2012.5227      0.47192633
       2013.5229      0.47036344
       2014.5996      0.46004793
       2015.5410      0.46005017
       2016.5131      0.47433874
       2017.4742      0.46934351
       1985.6139      0.67927408
       1987.5663      0.69683802
       1988.6396      0.69954681
       1989.6324      0.67968887
       1990.6394      0.69444311
       1991.6434      0.72854048
       1992.5896      0.67896950
       1995.5720      0.68159395
       1996.5658      0.67620504
       1997.5695      0.66199934
       1998.5604      0.69115973
       1999.5007      0.66963422
       2000.4664      0.70934331
       2001.4589      0.67280751
       2002.5636      0.69013643
       2003.6198      0.68863922
       2004.5226      0.65332431
       2005.5146      0.63814956
       2006.5427      0.65702742
       2007.5367      0.62275177
       2008.4365      0.54641712
       2009.4785      0.55566639
       2011.4253      0.48816761
       2013.6384      0.48551977
       2015.5947      0.49746874
       1984.6704      0.70575815
       1985.5648      0.65472007
       1986.6375      0.67667025
       1987.5157      0.70595175
       1988.5399      0.67595780
       1989.5242      0.67637223
       1990.5298      0.69083238
       1991.5496      0.72127438
       1992.5110      0.70257485
       1995.5471      0.62804818
       1996.5566      0.61551821
       1997.5223      0.60537487
       1998.5410      0.62697476
       1999.4662      0.61886191
       2000.4667      0.63611531
       2001.4684      0.62780410
       2002.5260      0.63492346
       2003.5812      0.64414316
       2004.4923      0.61550087
       2005.4990      0.58903456
       2006.4845      0.58388484
       2007.4883      0.58709323
       2009.4828      0.53527427
       2011.4254      0.49697083
       2012.5786      0.50459582
       2013.4868      0.48898688
       2014.4937      0.47103724
       2015.4545      0.48739636
       1984.6868      0.67161703
       1985.6531      0.67749578
       1986.6681      0.66784316
       1987.6841      0.68333006
       1988.6740      0.68463522
       1989.6588      0.63666058
       1990.6509      0.65980399
       1991.6753      0.68855745
       1992.6342      0.66516417
       1993.5630      0.65131813
       1995.6635      0.65080088
       1996.6704      0.65270942
       1997.6631      0.65006948
       1998.6476      0.64130729
       1999.5994      0.61207145
       2000.6259      0.63158590
       2001.6583      0.62618542
       2002.6399      0.65040064
       2003.6393      0.64487690
       2004.6942      0.60300541
       2005.6434      0.59058517
       2006.6409      0.60536325
       2007.6655      0.59994221
       2011.7698      0.48855725
       2012.6914      0.50508291
       2014.7316      0.47645432
       1983.7467      0.59603357
       1984.6838      0.67008203
       1985.6538      0.67902362
       1986.7108      0.68231934
       1987.6599      0.69164538
       1988.6776      0.69422537
       1989.6472      0.64717847
       1990.5836      0.66586518
       1991.6543      0.69660163
       1992.6505      0.68092102
       1993.5448      0.67258930
       1995.6488      0.66726333
       1996.6569      0.66858935
       1997.6327      0.66954601
       1998.6371      0.66641176
       1999.5914      0.63038731
       2000.6332      0.65849251
       2001.6534      0.64357406
       2002.6322      0.65700865
       2003.6423      0.66876000
       2004.6931      0.61890072
       2005.6299      0.62818646
       2006.6239      0.61999017
       2007.6578      0.61164665
       2008.7351      0.52176630
       2011.6462      0.47542900
       2012.6526      0.47713256
       2013.5935      0.47297341
       2014.6819      0.47480929
       2015.6598      0.46622941
       2016.6742      0.46086350
       1984.7798      0.68933600
       1985.7471      0.70192063
       1986.7885      0.70410657
       1987.7675      0.70097899
       1988.7443      0.72419697
       1989.7666      0.68749195
       1990.7098      0.70749432
       1991.7036      0.72899520
       1992.7596      0.69529289
       1995.6981      0.68743712
       1996.6816      0.69760489
       1997.7325      0.69251406
       1998.7059      0.70171356
       1999.7504      0.66168422
       2000.7562      0.69558096
       2001.7928      0.67792279
       2002.7194      0.70023072
       2003.7087      0.69084072
       2004.7180      0.65186685
       2005.7212      0.65078413
       2006.7374      0.63517308
       2007.7330      0.63437718
       2011.8274      0.52284378
       2012.6453      0.51817775
       2014.8000      0.54014295
       2016.6508      0.52935475
       1985.7617      0.67860633
       1986.8103      0.70063317
       1987.7224      0.67457539
       1988.7407      0.67038089
       1989.7035      0.65909648
       1990.6787      0.67465174
       1991.7198      0.69429821
       1992.7177      0.68373626
       1995.7136      0.62121415
       1996.6919      0.60608709
       1997.7372      0.62170953
       1998.6857      0.63555479
       1999.7095      0.60884756
       2000.7546      0.62615436
       2001.7635      0.61226887
       2002.7225      0.63530731
       2003.7145      0.61995846
       2004.6833      0.57773125
       2005.7355      0.57492638
       2006.7003      0.58851510
       2007.7498      0.59512985
       2011.6670      0.49171379
       2014.5487      0.50939155
       2015.7537      0.47299552
       1987.7888      0.67623699
       1988.7653      0.69926226
       1992.6808      0.65548462
       1993.5760      0.65127790
       1995.7338      0.64444637
       1996.6965      0.64294970
       1997.7451      0.64857537
       1998.7369      0.65309376
       1999.7567      0.62772870
       2000.7776      0.62497032
       2001.7902      0.62746525
       2002.7499      0.64272106
       2003.7233      0.64534897
       2004.7417      0.60521221
       2005.7471      0.59853911
       2006.7793      0.59395945
       2007.7175      0.60640001
       2011.7928      0.49560177
       2014.7755      0.51766771
       1983.8354      0.64245129
       1984.7900      0.71477318
       1985.7489      0.70137763
       1986.7527      0.72035187
       1987.7335      0.72356176
       1988.7428      0.72750354
       1989.7461      0.69683838
       1990.7482      0.70540488
       1991.7579      0.72979838
       1992.7463      0.70671195
       1995.7134      0.69128716
       1996.7258      0.69292617
       1997.7594      0.69835430
       1998.7412      0.70245516
       1999.8125      0.67550379
       2000.8300      0.66491801
       2001.8162      0.66233879
       2002.7126      0.68544263
       2003.7494      0.68596870
       2004.7764      0.65374446
       2005.7354      0.65425557
       2006.7638      0.65063494
       2007.7632      0.64546442
       2010.8549      0.48080534
       2011.7439      0.47450158
       2012.7325      0.47537857
       2013.6841      0.46877408
       2014.7432      0.47111690
       2015.7732      0.45994309
       2016.7573      0.46254078
       2017.7421      0.46918538
       1986.8558      0.69307506
       1987.8324      0.70696354
       1988.8311      0.70644146
       1989.7870      0.67186201
       1990.8257      0.69816804
       1991.7819      0.70565343
       1992.7998      0.68316597
       1995.7499      0.67758876
       1996.7616      0.68632382
       1997.7844      0.67430961
       1998.7791      0.69845158
       1999.8837      0.66554534
       2000.8524      0.66472131
       2001.8182      0.65612984
       2002.7266      0.69189006
       2003.7837      0.68547076
       2004.7892      0.64200956
       2005.7610      0.64018637
       2006.7964      0.63040566
       2007.7588      0.63063365
       2008.8757      0.55117035
       2010.8577      0.50478166
       2011.8275      0.43463397
       2012.7163      0.53505659
       2013.9259      0.48107618
       2014.7570      0.45634398
       2015.7380      0.44103274
       2016.8552      0.46263558
       2017.7947      0.48235524
       1983.8562      0.63215220
       1984.7982      0.68496954
       1985.7701      0.69420773
       1986.7871      0.69994032
       1987.8105      0.70748764
       1988.8068      0.69583243
       1989.8175      0.67954791
       1990.8058      0.67945325
       1991.7753      0.70575815
       1992.7725      0.68080896
       1995.7357      0.68205017
       1996.7487      0.64802557
       1997.7719      0.65284133
       1998.7654      0.67538983
       1999.8677      0.62365741
       2000.8530      0.64064467
       2001.7871      0.64665157
       2002.7269      0.66002566
       2003.7758      0.65354824
       2004.7803      0.61203545
       2005.7654      0.61599946
       2006.7953      0.64094675
       2007.7725      0.60896814
       2008.8444      0.54518723
       2011.7156      0.49553105
       2012.7981      0.46598369
       2014.7094      0.48164231
       2015.8057      0.45480889
       2016.6455      0.49031547
       2017.8207      0.51820832
       1987.8470      0.68510813
       1990.8748      0.70026934
       1991.8300      0.70517516
       1992.8203      0.68909514
       1995.7357      0.65955317
       1996.7728      0.63871366
       1997.7837      0.63865077
       1998.7686      0.66464931
       1999.8862      0.63530236
       2000.8761      0.63165528
       2001.8228      0.65092140
       2002.7048      0.68336827
       2003.7983      0.65715170
       2004.7872      0.62136406
       2005.7583      0.60891348
       2006.8085      0.59984469
       2007.7538      0.61078131
       2010.8658      0.49084392
       2011.7115      0.47365648
       2012.7931      0.46754628
       2014.8088      0.46409711
       2015.7777      0.44928202
       2016.8363      0.44182500
       2017.6910      0.44660610
       1983.8436      0.62876934
       1984.8276      0.70859170
       1985.8419      0.70577419
       1986.8297      0.70824116
       1987.7979      0.71569771
       1988.8145      0.72723335
       1989.8358      0.70072967
       1990.8560      0.71523380
       1991.8107      0.73207718
       1992.8042      0.72066748
       1995.7761      0.69635236
       1996.7961      0.69727242
       1997.8053      0.69164252
       1998.8021      0.70852405
       1999.8978      0.68439126
       2000.8489      0.68815529
       2001.8116      0.66663587
       2002.7266      0.68737745
       2003.8134      0.69479340
       2004.8088      0.65586185
       2005.7415      0.62950861
       2006.8076      0.63472182
       2007.7469      0.64359230
       2009.7212      0.53902173
       2010.9097      0.47839102
       2011.7294      0.49332434
       2012.7974      0.49988806
       2013.7429      0.47385958
       2014.8130      0.49059728
       2015.7148      0.52149820
       2016.8936      0.50283331
       1987.8701      0.66263342
       1988.8772      0.66869336
       1989.8717      0.64754921
       1990.8661      0.63352925
       1991.8857      0.67011690
       1992.8878      0.66344446
       1996.8226      0.60781479
       1997.8431      0.61197793
       1998.8309      0.62462544
       1999.8702      0.58332610
       2000.8386      0.59470928
       2001.7751      0.59890836
       2002.7802      0.62250710
       2003.8391      0.60395110
       2004.8494      0.55603999
       2005.7841      0.55729133
       2006.7886      0.56496936
       2007.8408      0.55452633
       1984.9409      0.66981983
       1985.8702      0.69046146
       1986.8796      0.68948168
       1987.8330      0.68752503
       1988.8583      0.70145631
       1989.8623      0.65723675
       1990.8916      0.69421262
       1991.8654      0.69251406
       1992.8258      0.69921291
       1995.8237      0.64825916
       1996.8250      0.64258707
       1997.8523      0.65575075
       1998.8330      0.66779190
       1999.8698      0.62657350
       2000.8219      0.63105989
       2001.8147      0.62789983
       2002.7776      0.65159804
       2003.8438      0.65880549
       2004.8342      0.62718868
       2005.7849      0.59584606
       2006.8175      0.61049139
       2007.7919      0.62826562
       1987.9087      0.69509733
       1988.9076      0.70424408
       1989.8690      0.68473709
       1990.8917      0.69726741
       1991.8760      0.70784301
       1992.8735      0.68948591
       1995.8380      0.65309018
       1996.8859      0.66417331
       1997.8763      0.66873139
       1998.8776      0.68428278
       1999.8843      0.65550584
       2000.8766      0.66556728
       2001.8738      0.66647959
       2002.8348      0.66300309
       2003.8766      0.67910111
       2004.8817      0.65266114
       2005.8413      0.62503374
       2006.8793      0.62347651
       2007.8534      0.62266177
       2008.8340      0.54525137
       2012.8921      0.50586623
       2013.8827      0.51680511
       2014.8490      0.52012414
       1984.2552      0.71360850
       1985.2604      0.69798696
       1986.2681      0.69320655
       1987.2845      0.70574462
       1988.2771      0.67778075
       1989.2858      0.70730257
       1990.2876      0.71163940
       1991.2943      0.72629648
       1992.2902      0.70762116
       1995.3031      0.68495566
       1999.3041      0.69077659
       2001.2888      0.66549021
       2002.2786      0.66915405
       2003.2899      0.71384376
       2004.3055      0.65837532
       2007.3007      0.62985086
       1986.2759      0.65658927
       1987.3033      0.66533357
       1988.2239      0.63598710
       1989.2946      0.63796711
       1990.2928      0.65173137
       1991.3029      0.66118979
       1992.3029      0.65622604
       1995.2878      0.62541705
       1998.3384      0.61547804
       1999.3168      0.59900862
       2000.3456      0.57116127
       2001.2997      0.59092796
       2002.2736      0.59930867
       2003.2759      0.60822761
       2004.3170      0.59718728
       2005.3534      0.60845786
       2007.2968      0.56045586
